-3.40
-3.40
-3.40
-3.40
-3.40
-3.40
-3.40
-3.40
-3.40
-3.40
-3.40
-3.40
-3.40
-3.40
-3.40
-3.40
-3.40
-3.40
-3.40
-3.40
-4.60
-4.20
-4.60
-4.50
-3.40
-3.40
-5.70
-3.40
-3.40
-3.40
-3.40
-3.40
-3.40
-3.40
-3.40
-3.40
-3.40
-3.60
-3.40
-3.40
-3.40
-3.40
-3.70
-4.20
-3.40
-3.40
-3.40
-3.40
-3.40
-3.40
-3.40
-3.40
-3.40
-5.40
-3.40
-3.70
-3.40
-3.40
-4.00
-3.40
-3.40
-3.40
-3.40
-3.40
-3.40
-3.40
-3.40
-3.40
-3.40
-3.40
-3.40
-3.40
-3.40
-3.40
-3.40
-3.40
-3.40
-3.40
-3.40
-3.40
-5.80
-5.80
-5.80
-5.80
-5.40
-5.40
-5.40
-5.40
-6.30
-5.80
-8.60
-5.80
-5.70
-5.70
-5.70
-5.70
-3.40
-3.40
-3.40
-3.40
-3.40
-3.60
-3.40
-3.40
-5.90
-5.90
-6.40
-6.90
-3.40
-3.40
-3.40
-3.40
-3.40
-3.40
-3.40
-3.40
-3.40
-5.40
-3.40
-3.70
-4.10
-3.40
-6.40
-3.60
-3.40
-3.40
-3.40
-3.40
-3.40
-3.40
-3.40
-3.40
-3.40
-3.40
-3.40
-3.40
-3.40
-3.40
-3.40
-3.40
-3.40
-3.40
-3.40
-3.40
-3.40
-3.40
-3.40
-3.40
-4.60
-4.20
-4.60
-4.50
-3.40
-3.40
-5.70
-3.40
-3.40
-3.40
-3.40
-3.40
-3.40
-3.40
-3.40
-3.40
-3.40
-3.60
-3.40
-3.40
-3.40
-3.40
-3.70
-4.20
-4.40
-6.40
-4.50
-4.90
-3.40
-3.40
-3.40
-3.40
-3.40
-5.40
-3.40
-3.70
-3.40
-3.40
-4.00
-3.40
-3.40
-3.40
-3.40
-3.40
-3.40
-3.40
-3.40
-3.40
-3.40
-3.40
-3.40
-3.40
-3.40
-3.40
-3.40
-3.40
-3.40
-3.40
-3.40
-3.40
-4.10
-3.90
-3.90
-3.90
-6.60
-6.20
-6.60
-6.50
-3.80
-3.80
-5.50
-3.80
-4.80
-4.60
-6.70
-4.60
-3.40
-3.40
-3.40
-3.40
-3.40
-3.60
-3.40
-3.40
-4.10
-4.10
-4.60
-5.10
-3.40
-3.40
-3.40
-3.40
-3.40
-3.40
-3.40
-3.40
-4.20
-6.40
-4.40
-4.70
-3.40
-3.40
-3.50
-3.40
-3.40
-3.50
-4.10
-3.40
-3.40
-3.40
-3.40
-3.40
-3.40
-3.40
-3.40
-3.40
-3.40
-3.40
-3.40
-3.40
-3.40
-4.30
-3.40
-3.40
-3.40
-3.40
-3.40
-3.40
-4.60
-4.20
-4.60
-4.50
-3.40
-3.40
-5.70
-3.40
-3.40
-3.40
-3.40
-3.40
-3.40
-3.40
-3.40
-3.40
-3.40
-3.60
-3.40
-3.40
-3.40
-3.40
-3.70
-4.20
-3.40
-4.30
-3.40
-3.40
-3.40
-3.40
-3.40
-3.40
-3.90
-5.40
-3.60
-3.70
-3.40
-3.40
-4.00
-3.40
-3.40
-3.40
-3.40
-3.40
-4.90
-4.90
-4.90
-4.90
-4.90
-4.90
-4.90
-4.90
-4.90
-4.90
-4.90
-4.90
-4.90
-4.90
-4.90
-4.90
-6.10
-6.10
-6.10
-6.10
-5.70
-5.70
-5.70
-5.70
-6.60
-6.10
-8.90
-6.10
-6.00
-6.00
-6.00
-6.00
-5.40
-5.40
-5.40
-5.40
-4.90
-4.90
-4.90
-4.90
-8.30
-8.30
-8.80
-9.30
-4.90
-4.90
-4.90
-4.90
-4.80
-4.80
-4.80
-4.80
-4.80
-5.40
-4.80
-4.80
-4.80
-4.80
-6.70
-4.80
-4.80
-4.80
-4.80
-4.80
-3.40
-3.40
-3.40
-3.40
-3.40
-3.40
-3.40
-3.40
-3.40
-3.40
-3.40
-3.40
-3.40
-4.00
-3.40
-3.40
-3.40
-3.40
-3.40
-3.40
-4.60
-4.20
-4.60
-4.50
-3.40
-3.40
-5.70
-3.40
-3.40
-3.40
-3.40
-3.40
-5.00
-5.00
-5.00
-5.00
-5.00
-5.00
-5.00
-5.50
-5.50
-5.50
-5.50
-5.50
-6.70
-8.70
-6.80
-7.20
-3.40
-3.40
-3.40
-3.40
-3.50
-5.40
-3.40
-3.70
-3.40
-3.40
-4.00
-3.40
-3.40
-3.40
-3.40
-3.40
-3.40
-3.40
-3.40
-3.40
-3.40
-3.40
-3.40
-3.40
-3.40
-3.40
-3.40
-3.40
-3.40
-3.40
-3.40
-3.40
-3.40
-3.40
-3.40
-3.40
-6.60
-6.30
-6.60
-6.50
-3.50
-3.40
-5.80
-3.40
-4.20
-4.00
-4.20
-4.00
-4.80
-4.30
-4.60
-4.40
-3.40
-3.60
-3.40
-3.40
-6.10
-6.10
-6.60
-7.10
-3.40
-3.40
-3.40
-3.40
-3.40
-3.40
-3.40
-3.40
-4.00
-6.20
-4.20
-4.50
-3.40
-3.40
-3.80
-3.40
-3.40
-3.40
-3.40
-3.40
-3.40
-3.40
-3.40
-3.40
-3.40
-3.40
-3.40
-3.40
-3.40
-3.40
-3.40
-3.40
-3.40
-3.40
-3.40
-3.40
-3.40
-3.40
-3.40
-3.40
-4.60
-4.20
-4.60
-4.50
-3.40
-3.40
-5.70
-3.40
-3.40
-3.40
-3.40
-3.40
-3.40
-3.40
-3.40
-3.40
-3.40
-3.60
-3.40
-3.40
-3.40
-3.40
-3.70
-4.20
-3.40
-3.40
-3.40
-3.40
-3.40
-3.40
-3.40
-3.40
-3.40
-5.40
-3.40
-3.70
-3.40
-3.40
-4.00
-3.40
-3.40
-3.40
-3.40
-3.40
-3.80
-3.80
-3.80
-3.80
-3.80
-3.80
-3.80
-3.80
-3.80
-3.80
-3.80
-3.80
-3.80
-3.80
-3.80
-3.80
-7.20
-7.20
-7.20
-7.20
-6.80
-6.80
-6.80
-6.80
-7.70
-7.20
-10.00
-7.20
-7.10
-7.10
-7.10
-7.10
-4.00
-4.00
-4.00
-4.00
-4.00
-4.00
-4.00
-4.00
-5.40
-5.40
-5.90
-6.40
-4.00
-4.00
-4.00
-4.00
-4.80
-4.80
-4.80
-4.80
-4.60
-5.40
-4.60
-4.60
-5.50
-4.80
-7.80
-5.00
-4.60
-4.60
-4.60
-4.60
-3.40
-3.40
-3.40
-3.40
-3.40
-3.40
-3.40
-3.40
-3.40
-3.40
-3.40
-3.40
-3.40
-3.40
-3.40
-3.40
-3.40
-3.40
-3.40
-3.40
-4.60
-4.20
-4.60
-4.50
-3.40
-3.40
-5.70
-3.40
-3.40
-4.40
-3.40
-3.40
-3.40
-3.40
-3.40
-3.40
-3.40
-3.60
-3.40
-3.40
-3.40
-3.40
-3.70
-4.20
-4.40
-6.40
-4.50
-4.90
-3.40
-3.40
-3.40
-3.40
-6.40
-5.90
-6.30
-6.90
-3.40
-3.40
-4.00
-3.40
-4.30
-4.00
-3.80
-4.30
-3.40
-3.40
-3.40
-3.40
-3.40
-3.40
-3.40
-3.40
-3.40
-3.40
-3.40
-3.40
-3.40
-3.40
-3.40
-3.40
-3.90
-3.90
-3.90
-3.90
-6.60
-6.20
-6.60
-6.50
-3.90
-3.80
-6.20
-3.80
-4.80
-5.20
-6.70
-4.60
-3.40
-3.40
-3.40
-3.40
-3.40
-3.60
-3.40
-3.40
-3.70
-3.70
-4.20
-4.70
-3.40
-3.40
-3.40
-3.40
-3.40
-3.40
-3.40
-3.40
-4.50
-6.70
-4.70
-5.00
-3.40
-3.40
-4.20
-3.40
-3.40
-3.80
-4.10
-3.40
-3.40
-3.40
-3.40
-3.40
-3.40
-3.40
-3.40
-3.40
-3.40
-3.40
-3.40
-3.40
-3.40
-3.40
-3.40
-3.40
-3.40
-3.40
-3.40
-3.40
-4.60
-4.20
-4.60
-4.50
-3.40
-3.40
-5.70
-3.40
-3.40
-3.40
-3.40
-3.40
-3.40
-3.40
-3.40
-3.40
-3.40
-3.60
-3.40
-3.40
-3.40
-3.40
-3.70
-4.20
-3.40
-3.40
-3.40
-3.40
-3.40
-3.40
-3.40
-3.40
-3.40
-5.40
-3.40
-3.70
-3.40
-3.40
-4.00
-3.40
-3.40
-3.40
-3.40
-3.40
-5.00
-5.00
-5.00
-5.00
-5.00
-5.00
-5.00
-5.00
-5.00
-5.00
-5.00
-5.00
-5.00
-5.00
-5.00
-5.00
-8.40
-8.40
-8.40
-8.40
-8.00
-8.00
-8.00
-8.00
-8.90
-8.40
-11.20
-8.40
-8.30
-8.30
-8.30
-8.30
-5.20
-5.20
-5.20
-5.20
-5.20
-5.20
-5.20
-5.20
-5.80
-5.80
-6.90
-6.80
-5.20
-5.20
-5.20
-5.20
-6.00
-6.00
-6.00
-6.00
-5.80
-5.80
-5.80
-5.80
-8.40
-6.80
-9.00
-7.00
-5.80
-5.80
-5.80
-5.80
-3.40
-3.40
-3.40
-3.40
-3.40
-3.40
-3.40
-3.40
-3.40
-3.40
-3.40
-3.40
-3.40
-3.40
-3.40
-3.40
-4.10
-4.10
-4.10
-4.10
-4.60
-4.20
-4.60
-4.50
-4.60
-4.10
-6.90
-4.10
-4.00
-4.00
-4.00
-4.00
-3.40
-3.40
-3.40
-3.40
-3.40
-3.60
-3.40
-3.80
-3.80
-3.80
-3.80
-4.30
-5.00
-7.00
-5.10
-5.50
-3.40
-3.40
-3.40
-3.40
-3.40
-5.40
-3.40
-3.70
-4.60
-3.40
-5.20
-3.40
-3.40
-3.40
-3.40
-3.40
-3.40
-3.40
-3.40
-3.40
-3.40
-3.50
-3.40
-3.40
-3.40
-3.40
-3.40
-3.40
-3.40
-3.40
-3.40
-3.40
-5.50
-5.50
-5.50
-5.50
-8.50
-8.10
-8.50
-8.40
-6.00
-5.50
-8.30
-5.50
-6.10
-5.90
-6.10
-5.90
-3.40
-3.40
-3.40
-3.40
-4.20
-3.80
-4.20
-4.10
-3.80
-3.80
-5.80
-4.80
-3.40
-3.40
-3.40
-3.40
-3.40
-3.40
-3.40
-3.40
-5.60
-6.20
-5.60
-5.50
-5.80
-4.20
-6.30
-4.40
-3.40
-3.40
-3.40
-3.40
-3.20
-3.20
-3.20
-3.20
-3.20
-3.20
-3.20
-3.20
-3.20
-3.20
-3.20
-3.20
-3.20
-3.20
-3.20
-3.20
-3.20
-3.20
-3.20
-3.20
-4.60
-4.20
-4.60
-4.50
-3.40
-3.20
-5.70
-3.20
-3.20
-3.20
-3.20
-3.20
-3.20
-3.20
-3.20
-3.20
-3.20
-3.60
-3.20
-3.20
-3.20
-3.20
-3.70
-4.20
-3.20
-3.20
-3.20
-3.20
-3.20
-3.20
-3.20
-3.20
-5.30
-5.40
-5.20
-5.70
-3.20
-3.20
-4.00
-3.20
-3.20
-3.20
-3.20
-3.20
-3.20
-3.20
-3.20
-3.20
-3.20
-3.20
-3.20
-3.20
-3.20
-3.20
-3.20
-3.20
-3.20
-3.20
-3.20
-3.20
-6.00
-6.00
-6.00
-6.00
-5.60
-5.60
-5.60
-5.60
-6.50
-6.00
-8.80
-6.00
-5.90
-5.90
-5.90
-5.90
-3.20
-3.20
-3.20
-3.20
-3.20
-3.60
-3.20
-3.20
-5.90
-5.90
-6.40
-6.90
-3.20
-3.20
-3.20
-3.20
-3.60
-3.60
-3.60
-3.60
-3.40
-5.40
-3.40
-3.70
-4.30
-3.60
-6.60
-3.80
-3.40
-3.40
-3.40
-3.40
-3.20
-3.20
-3.20
-3.20
-3.20
-3.20
-3.20
-3.20
-3.20
-3.20
-3.20
-3.20
-3.20
-3.20
-3.20
-3.20
-3.20
-3.20
-3.20
-3.20
-4.60
-4.20
-4.60
-4.50
-3.40
-3.20
-5.70
-3.20
-3.20
-3.20
-3.20
-3.20
-3.20
-3.20
-3.20
-3.20
-3.20
-3.60
-3.20
-3.20
-3.20
-3.20
-3.70
-4.20
-4.40
-6.40
-4.50
-4.90
-3.20
-3.20
-3.20
-3.20
-5.30
-5.40
-5.20
-5.70
-3.20
-3.20
-4.00
-3.20
-3.20
-3.20
-3.20
-3.20
-3.20
-3.20
-3.20
-3.20
-3.20
-3.20
-3.20
-3.20
-3.20
-3.20
-3.20
-3.20
-3.20
-3.20
-3.20
-3.20
-3.20
-3.20
-3.20
-3.20
-6.60
-6.20
-6.60
-6.50
-3.40
-3.40
-5.70
-3.40
-4.20
-4.00
-4.30
-4.00
-3.20
-3.20
-3.20
-3.20
-3.20
-3.60
-3.20
-3.20
-4.10
-4.10
-4.60
-5.10
-3.20
-3.20
-3.20
-3.20
-3.20
-3.20
-3.20
-3.20
-4.20
-6.40
-4.40
-4.70
-3.20
-3.20
-3.70
-3.20
-3.20
-3.50
-3.20
-3.20
-4.60
-4.60
-4.60
-4.60
-4.60
-4.60
-4.60
-4.60
-4.60
-4.60
-4.60
-4.60
-4.60
-4.70
-4.60
-4.60
-4.60
-4.60
-4.60
-4.60
-4.60
-4.60
-4.60
-4.60
-4.60
-4.60
-5.70
-4.60
-4.60
-4.60
-4.60
-4.60
-4.60
-4.60
-4.60
-4.60
-4.60
-4.60
-4.60
-4.60
-4.60
-4.60
-4.70
-5.20
-4.60
-5.50
-4.60
-4.60
-4.60
-4.60
-4.60
-4.60
-4.60
-5.40
-4.60
-4.60
-4.60
-4.60
-4.60
-4.60
-4.60
-4.60
-4.60
-4.60
-4.90
-4.90
-4.90
-4.90
-4.90
-4.90
-4.90
-4.90
-4.90
-4.90
-4.90
-4.90
-4.90
-4.90
-4.90
-4.90
-6.30
-6.30
-6.30
-6.30
-5.90
-5.90
-5.90
-5.90
-6.80
-6.30
-9.10
-6.30
-6.20
-6.20
-6.20
-6.20
-5.40
-5.40
-5.40
-5.40
-4.90
-4.90
-4.90
-4.90
-8.30
-8.30
-8.80
-9.30
-4.90
-5.50
-4.90
-4.90
-4.80
-4.80
-4.80
-4.80
-4.80
-5.80
-4.80
-4.80
-4.80
-4.80
-6.90
-4.80
-4.80
-4.80
-4.80
-4.80
-5.10
-5.10
-5.10
-5.10
-5.10
-5.10
-5.10
-5.10
-5.10
-5.10
-5.10
-5.20
-5.10
-5.10
-5.10
-5.10
-4.60
-4.60
-4.60
-4.60
-4.70
-6.60
-4.90
-4.90
-4.60
-4.60
-5.70
-5.20
-4.60
-5.30
-4.60
-4.60
-8.00
-8.00
-8.00
-8.00
-8.00
-8.00
-8.00
-8.50
-8.50
-8.50
-8.50
-8.50
-9.70
-11.70
-9.80
-10.20
-4.60
-4.60
-4.60
-4.60
-5.90
-5.60
-5.80
-6.40
-4.60
-4.60
-4.70
-5.20
-4.60
-5.00
-4.60
-4.60
-4.50
-4.50
-4.50
-4.50
-4.50
-4.50
-4.50
-4.50
-4.50
-4.50
-4.50
-4.50
-4.50
-4.50
-4.50
-4.50
-4.50
-4.50
-4.50
-4.50
-6.60
-6.30
-6.60
-6.50
-4.50
-4.50
-6.10
-4.50
-4.50
-4.80
-4.50
-4.50
-4.80
-4.50
-4.60
-4.50
-4.50
-4.50
-4.50
-4.50
-6.10
-6.10
-6.60
-7.10
-4.50
-5.50
-4.50
-4.50
-4.50
-4.50
-4.50
-4.50
-4.50
-6.20
-4.50
-4.50
-4.50
-4.50
-4.50
-4.50
-4.50
-4.50
-4.50
-4.50
-3.20
-3.20
-3.20
-3.20
-3.20
-3.20
-3.20
-3.20
-3.20
-3.20
-3.20
-3.20
-3.20
-3.20
-3.20
-3.20
-3.20
-3.20
-3.20
-3.20
-4.60
-4.20
-4.60
-4.50
-3.40
-3.20
-5.70
-3.20
-3.20
-3.20
-3.20
-3.20
-3.20
-3.20
-3.20
-3.20
-3.20
-3.60
-3.20
-3.20
-3.20
-3.20
-3.70
-4.20
-3.20
-4.20
-3.20
-3.20
-3.20
-3.20
-3.20
-3.20
-5.00
-5.40
-4.90
-5.40
-3.20
-3.20
-4.00
-3.20
-3.20
-3.20
-3.20
-3.20
-4.00
-4.00
-4.00
-4.00
-4.00
-4.00
-4.00
-4.00
-4.00
-4.00
-4.00
-4.00
-4.00
-4.00
-4.00
-4.00
-7.40
-7.40
-7.40
-7.40
-7.00
-7.00
-7.00
-7.00
-7.90
-7.40
-10.20
-7.40
-7.30
-7.30
-7.30
-7.30
-4.20
-4.20
-4.20
-4.20
-4.20
-4.20
-4.20
-4.20
-5.40
-5.40
-5.90
-6.40
-4.20
-4.20
-4.20
-4.20
-5.00
-5.00
-5.00
-5.00
-4.80
-5.40
-4.80
-4.80
-5.70
-5.00
-8.00
-5.20
-4.80
-4.80
-4.80
-4.80
-4.30
-4.30
-4.30
-4.30
-4.30
-4.30
-4.30
-4.40
-4.30
-4.30
-4.30
-4.30
-4.30
-4.30
-4.30
-4.30
-4.30
-4.30
-4.30
-4.30
-4.70
-6.60
-4.90
-4.90
-4.30
-4.30
-5.70
-4.30
-5.50
-7.30
-5.60
-6.10
-4.80
-4.80
-4.80
-4.80
-4.80
-4.80
-4.80
-4.80
-4.80
-4.80
-4.80
-4.80
-5.40
-7.40
-5.50
-5.90
-6.00
-6.00
-6.00
-6.00
-9.30
-8.80
-9.20
-9.80
-6.10
-6.10
-6.10
-6.10
-7.20
-6.90
-6.70
-7.20
-3.20
-3.20
-3.20
-3.20
-3.20
-3.20
-3.20
-3.20
-3.20
-3.20
-3.20
-3.20
-3.20
-3.20
-3.20
-3.20
-3.70
-3.70
-3.70
-3.70
-6.60
-6.20
-6.60
-6.50
-4.20
-3.70
-6.50
-3.70
-4.20
-5.20
-4.60
-4.00
-3.20
-3.20
-3.20
-3.20
-3.20
-3.60
-3.20
-3.20
-3.70
-3.70
-4.20
-4.70
-3.20
-4.20
-3.20
-3.20
-3.20
-3.20
-3.20
-3.20
-4.50
-6.70
-4.70
-5.00
-3.20
-3.20
-4.50
-3.20
-3.20
-3.80
-3.20
-3.20
-3.20
-3.20
-3.20
-3.20
-3.20
-3.20
-3.20
-3.20
-3.20
-3.20
-3.20
-3.20
-3.20
-3.20
-3.20
-3.20
-3.20
-3.20
-3.20
-3.20
-4.60
-4.20
-4.60
-4.50
-3.40
-3.20
-5.70
-3.20
-3.20
-3.20
-3.20
-3.20
-3.20
-3.20
-3.20
-3.20
-3.20
-3.60
-3.20
-3.20
-3.20
-3.20
-3.70
-4.20
-3.20
-3.60
-3.20
-3.20
-3.20
-3.20
-3.20
-3.20
-3.20
-5.40
-3.40
-3.70
-3.20
-3.20
-4.00
-3.20
-3.20
-3.20
-3.20
-3.20
-5.00
-5.00
-5.00
-5.00
-5.00
-5.00
-5.00
-5.00
-5.00
-5.00
-5.00
-5.00
-5.00
-5.00
-5.00
-5.00
-8.40
-8.40
-8.40
-8.40
-8.90
-8.00
-8.90
-8.40
-8.90
-8.40
-11.20
-8.40
-8.30
-8.30
-8.30
-8.30
-5.20
-5.20
-5.20
-5.20
-5.20
-5.20
-5.20
-5.20
-5.80
-5.80
-6.90
-6.80
-5.20
-5.20
-5.20
-5.20
-6.00
-6.00
-6.00
-6.00
-5.90
-5.80
-5.90
-5.80
-6.70
-6.00
-9.00
-6.20
-5.80
-5.80
-5.80
-5.80
-4.90
-4.70
-4.90
-5.50
-3.90
-3.90
-3.90
-3.90
-4.20
-4.40
-4.40
-5.50
-4.00
-4.00
-4.00
-4.00
-4.10
-4.10
-4.10
-4.10
-4.60
-4.40
-4.60
-4.50
-4.60
-4.10
-6.90
-4.10
-4.00
-4.00
-4.00
-4.00
-5.80
-5.80
-5.80
-5.80
-5.80
-5.80
-5.80
-6.30
-6.30
-6.30
-6.30
-6.30
-7.50
-9.50
-7.60
-8.00
-3.20
-3.20
-3.20
-3.20
-3.70
-5.40
-3.60
-4.20
-3.20
-3.20
-5.20
-3.20
-3.20
-3.20
-3.20
-3.20
-3.20
-3.20
-3.20
-3.20
-3.20
-3.50
-3.20
-3.20
-3.20
-3.20
-3.20
-3.20
-3.20
-3.20
-3.20
-3.20
-5.50
-5.50
-5.50
-5.50
-8.50
-8.10
-8.50
-8.40
-6.00
-5.50
-8.30
-5.50
-6.10
-5.90
-6.10
-5.90
-3.20
-3.20
-3.20
-3.20
-4.20
-3.80
-4.20
-4.10
-3.80
-3.80
-5.80
-4.80
-3.20
-3.60
-3.20
-3.20
-3.30
-3.30
-3.30
-3.30
-5.60
-6.20
-5.60
-5.50
-4.00
-3.30
-6.30
-3.50
-3.40
-3.30
-3.40
-3.20
-3.40
-3.40
-3.40
-3.40
-3.40
-3.80
-3.40
-3.40
-3.40
-3.40
-4.00
-3.40
-3.40
-3.40
-3.40
-3.40
-3.90
-3.90
-3.90
-3.90
-5.70
-5.30
-5.70
-5.60
-4.40
-3.90
-6.70
-3.90
-3.80
-3.80
-3.80
-3.80
-3.40
-3.40
-3.40
-3.40
-3.40
-4.60
-3.40
-3.40
-4.20
-4.20
-4.70
-5.20
-3.40
-3.40
-3.40
-3.40
-3.40
-3.40
-3.40
-3.40
-3.40
-5.40
-3.40
-3.70
-3.40
-3.40
-5.00
-3.40
-3.40
-4.50
-3.40
-3.40
-3.60
-3.60
-3.60
-3.60
-3.60
-3.80
-3.60
-3.60
-3.60
-3.60
-4.00
-3.60
-3.60
-3.60
-3.60
-3.60
-7.00
-7.00
-7.00
-7.00
-6.60
-6.60
-6.60
-6.60
-7.50
-7.00
-9.80
-7.00
-6.90
-6.90
-6.90
-6.90
-4.10
-4.10
-4.10
-4.10
-3.80
-4.60
-3.80
-3.80
-7.00
-7.00
-7.50
-8.00
-3.80
-3.80
-3.80
-3.80
-4.60
-4.60
-4.60
-4.60
-4.40
-5.40
-4.40
-4.40
-5.30
-4.60
-7.60
-4.80
-4.40
-4.40
-4.40
-4.40
-3.40
-3.40
-3.40
-3.40
-3.40
-3.80
-3.40
-3.40
-3.40
-3.40
-4.00
-3.40
-3.40
-3.40
-3.40
-3.40
-3.90
-3.90
-3.90
-3.90
-5.70
-5.30
-5.70
-5.60
-4.40
-3.90
-6.70
-3.90
-3.80
-3.80
-3.80
-3.80
-3.70
-3.70
-3.70
-3.70
-3.70
-4.60
-3.70
-4.20
-4.20
-4.20
-4.70
-5.20
-5.40
-7.40
-5.50
-5.90
-3.40
-3.40
-3.40
-3.40
-3.70
-5.40
-3.60
-4.20
-3.40
-3.40
-5.00
-3.40
-3.40
-4.50
-3.40
-3.40
-3.40
-3.40
-3.40
-3.40
-3.40
-3.80
-3.40
-3.40
-3.40
-3.40
-4.00
-3.40
-3.40
-3.40
-3.40
-3.40
-4.30
-4.30
-4.30
-4.30
-7.70
-7.30
-7.70
-7.60
-4.50
-4.50
-6.70
-4.50
-5.30
-5.10
-6.50
-5.10
-3.60
-3.40
-3.40
-3.40
-3.40
-4.60
-3.40
-3.40
-5.20
-5.20
-5.70
-6.20
-3.40
-3.40
-3.40
-3.40
-3.40
-3.40
-3.40
-3.40
-4.80
-6.40
-4.80
-4.70
-3.40
-3.40
-4.70
-3.40
-3.40
-3.50
-3.90
-3.40
-3.40
-3.40
-3.40
-3.40
-3.40
-3.80
-3.40
-3.40
-3.40
-3.40
-4.00
-3.40
-3.40
-4.50
-3.40
-3.40
-3.90
-3.90
-3.90
-3.90
-5.70
-5.30
-5.70
-5.60
-4.40
-3.90
-6.70
-3.90
-3.80
-3.80
-3.80
-3.80
-3.40
-3.40
-3.40
-3.40
-3.40
-4.60
-3.40
-3.40
-4.20
-4.20
-4.70
-5.20
-3.40
-4.50
-3.40
-3.40
-3.40
-3.40
-3.40
-3.40
-3.90
-5.40
-3.60
-3.70
-3.40
-3.40
-5.00
-3.40
-3.40
-3.40
-3.40
-3.40
-6.00
-6.00
-6.00
-6.00
-6.00
-6.00
-6.00
-6.00
-6.00
-6.00
-6.00
-6.00
-6.00
-6.00
-6.00
-6.00
-7.30
-7.30
-7.30
-7.30
-6.90
-6.90
-6.90
-6.90
-7.80
-7.30
-10.10
-7.30
-7.20
-7.20
-7.20
-7.20
-6.50
-6.50
-6.50
-6.50
-6.00
-6.00
-6.00
-6.00
-9.40
-9.40
-9.90
-10.40
-6.00
-6.00
-6.00
-6.00
-5.90
-5.90
-5.90
-5.90
-5.90
-5.90
-5.90
-5.90
-5.90
-5.90
-7.90
-5.90
-5.90
-5.90
-5.90
-5.90
-3.40
-3.40
-3.40
-3.40
-3.40
-3.80
-3.40
-3.40
-3.40
-3.40
-4.00
-3.40
-3.40
-4.20
-3.40
-3.40
-3.90
-3.90
-3.90
-3.90
-5.70
-5.30
-5.70
-5.60
-4.40
-3.90
-6.70
-3.90
-3.80
-3.80
-3.80
-3.80
-5.00
-5.00
-5.00
-5.00
-5.00
-5.00
-5.00
-5.50
-5.50
-5.50
-5.60
-6.10
-6.70
-8.70
-6.80
-7.20
-3.40
-3.40
-3.40
-3.40
-3.70
-5.40
-3.60
-4.20
-3.40
-3.40
-5.00
-3.40
-3.40
-3.40
-3.40
-3.40
-3.60
-3.60
-3.60
-3.60
-3.60
-3.80
-3.60
-3.60
-3.60
-3.60
-4.00
-3.60
-3.60
-3.60
-3.60
-3.60
-4.30
-4.30
-4.30
-4.30
-7.70
-7.40
-7.70
-7.60
-4.80
-4.50
-7.10
-4.50
-5.30
-5.10
-5.30
-5.10
-4.80
-4.30
-4.60
-4.40
-3.60
-4.60
-3.60
-3.60
-7.20
-7.20
-7.70
-8.20
-3.80
-3.80
-3.80
-3.80
-3.40
-3.40
-3.40
-3.40
-4.80
-6.20
-4.80
-4.70
-3.40
-3.40
-5.10
-3.40
-3.40
-3.40
-3.40
-3.40
-3.40
-3.40
-3.40
-3.40
-3.40
-3.80
-3.40
-3.40
-3.40
-3.40
-4.00
-3.40
-3.40
-3.40
-3.40
-3.40
-3.90
-3.90
-3.90
-3.90
-5.70
-5.30
-5.70
-5.60
-4.40
-3.90
-6.70
-3.90
-3.80
-4.10
-3.80
-3.80
-3.40
-3.40
-3.40
-3.40
-3.40
-4.60
-3.40
-3.40
-4.20
-4.20
-4.70
-5.20
-3.40
-3.40
-3.40
-3.40
-3.40
-3.40
-3.40
-3.40
-3.40
-5.40
-3.40
-3.70
-3.40
-3.40
-5.00
-3.40
-3.40
-4.00
-3.40
-3.40
-5.00
-5.00
-5.00
-5.00
-5.00
-5.00
-5.00
-5.00
-5.00
-5.00
-5.00
-5.00
-5.00
-5.00
-5.00
-5.00
-8.40
-8.40
-8.40
-8.40
-8.00
-8.00
-8.00
-8.00
-8.90
-8.40
-11.20
-8.40
-8.30
-8.30
-8.30
-8.30
-5.20
-5.20
-5.20
-5.20
-5.20
-5.20
-5.20
-5.20
-6.50
-6.50
-7.00
-7.50
-5.20
-5.20
-5.20
-5.20
-6.00
-6.00
-6.00
-6.00
-5.90
-7.80
-6.10
-6.50
-6.70
-6.00
-9.00
-6.20
-5.80
-5.80
-5.80
-5.80
-3.40
-3.40
-3.40
-3.40
-3.40
-3.80
-3.40
-3.40
-3.40
-3.40
-4.00
-3.40
-3.40
-3.90
-3.40
-3.40
-3.90
-3.90
-3.90
-3.90
-5.70
-5.30
-5.70
-5.60
-4.40
-3.90
-6.70
-3.90
-3.80
-4.40
-3.80
-3.80
-3.70
-3.70
-3.70
-3.70
-3.70
-4.60
-3.70
-4.20
-4.20
-4.20
-4.70
-5.20
-5.40
-7.40
-5.50
-5.90
-3.40
-3.40
-3.40
-3.40
-6.40
-5.90
-6.30
-6.90
-3.40
-3.40
-5.00
-3.40
-4.30
-4.00
-3.80
-4.30
-3.40
-3.40
-3.40
-3.40
-3.40
-4.00
-3.40
-3.40
-3.40
-3.40
-4.00
-3.40
-3.40
-3.40
-3.40
-3.40
-6.50
-6.50
-6.50
-6.50
-7.70
-7.80
-7.70
-7.60
-6.40
-6.40
-7.50
-6.40
-7.70
-9.50
-7.80
-8.30
-3.40
-3.40
-3.40
-3.40
-3.40
-4.60
-3.40
-3.40
-4.80
-4.80
-5.30
-5.80
-3.90
-5.70
-4.00
-4.50
-4.40
-4.40
-4.40
-4.40
-4.80
-6.70
-4.80
-5.00
-3.90
-3.90
-5.50
-3.90
-5.10
-6.90
-5.20
-5.70
-3.40
-3.40
-3.40
-3.40
-3.40
-3.80
-3.40
-3.40
-3.40
-3.40
-4.00
-3.40
-3.40
-3.40
-3.40
-3.40
-3.90
-3.90
-3.90
-3.90
-5.70
-5.30
-5.70
-5.60
-4.40
-3.90
-6.70
-3.90
-3.80
-3.80
-3.80
-3.80
-3.40
-3.40
-3.40
-3.40
-3.40
-4.60
-3.40
-3.40
-4.20
-4.20
-4.70
-5.20
-3.40
-3.40
-3.40
-3.40
-3.40
-3.40
-3.40
-3.40
-3.40
-5.40
-3.40
-3.70
-3.40
-3.40
-5.00
-3.40
-3.40
-3.40
-3.40
-3.40
-5.00
-5.00
-5.00
-5.00
-5.00
-5.00
-5.00
-5.00
-5.00
-5.00
-5.00
-5.00
-5.00
-5.00
-5.00
-5.00
-8.40
-8.40
-8.40
-8.40
-8.00
-8.00
-8.00
-8.00
-8.90
-8.40
-11.20
-8.40
-8.30
-8.30
-8.30
-8.30
-5.20
-5.20
-5.20
-5.20
-5.20
-5.20
-5.20
-5.20
-6.90
-6.90
-7.40
-7.90
-5.20
-5.20
-5.20
-5.20
-6.00
-6.00
-6.00
-6.00
-7.20
-9.10
-7.40
-7.80
-8.40
-6.80
-9.00
-7.00
-5.80
-6.20
-5.80
-5.80
-3.40
-3.40
-3.40
-3.40
-3.40
-3.80
-3.40
-3.40
-3.40
-3.40
-4.00
-3.40
-3.40
-3.40
-3.40
-3.40
-4.10
-4.10
-4.10
-4.10
-5.70
-5.30
-5.70
-5.60
-4.60
-4.10
-6.90
-4.10
-4.00
-4.00
-4.00
-4.00
-3.40
-3.40
-3.40
-3.40
-3.40
-4.60
-3.40
-3.80
-4.40
-4.40
-4.90
-5.40
-5.00
-7.00
-5.10
-5.50
-3.40
-3.40
-3.40
-3.40
-3.70
-5.40
-3.60
-4.20
-4.60
-3.40
-5.20
-3.40
-3.40
-3.40
-3.40
-3.40
-3.40
-3.40
-3.40
-3.40
-3.40
-3.80
-3.40
-3.40
-3.40
-3.40
-4.00
-3.40
-3.40
-3.40
-3.40
-3.40
-5.50
-5.50
-5.50
-5.50
-8.50
-8.10
-8.50
-8.40
-6.00
-5.50
-8.30
-5.50
-6.10
-5.90
-6.10
-5.90
-3.40
-3.40
-3.40
-3.40
-4.20
-4.60
-4.20
-4.10
-4.90
-4.90
-5.80
-5.90
-3.40
-3.40
-3.40
-3.40
-3.40
-3.40
-3.40
-3.40
-5.60
-6.50
-5.60
-5.50
-5.80
-4.20
-6.30
-4.40
-3.40
-3.60
-3.40
-3.40
-4.70
-4.70
-4.70
-4.70
-4.70
-4.80
-4.70
-4.70
-4.70
-4.70
-4.70
-4.70
-4.70
-4.70
-4.70
-4.70
-5.60
-5.60
-5.60
-5.60
-6.00
-5.60
-6.00
-5.90
-6.10
-5.60
-8.40
-5.60
-5.50
-5.50
-5.50
-5.50
-4.70
-4.70
-4.70
-4.70
-4.70
-4.80
-4.70
-4.70
-4.70
-4.70
-5.00
-5.50
-4.70
-4.70
-4.70
-4.70
-4.70
-4.70
-4.70
-4.70
-4.70
-6.40
-4.70
-4.70
-4.70
-4.70
-5.20
-4.70
-4.70
-4.70
-4.70
-4.70
-4.70
-4.70
-4.70
-4.70
-4.70
-4.80
-4.70
-4.70
-4.70
-4.70
-4.70
-4.70
-4.70
-4.70
-4.70
-4.70
-7.80
-7.80
-7.80
-7.80
-7.40
-7.40
-7.40
-7.40
-8.30
-7.80
-10.60
-7.80
-7.70
-7.70
-7.70
-7.70
-4.70
-4.70
-4.70
-4.70
-4.70
-4.80
-4.70
-4.70
-7.20
-7.20
-7.70
-8.20
-4.70
-4.70
-4.70
-4.70
-5.40
-5.40
-5.40
-5.40
-5.20
-6.40
-5.20
-5.20
-6.10
-5.40
-8.40
-5.60
-5.20
-5.20
-5.20
-5.20
-4.70
-4.70
-4.70
-4.70
-4.70
-4.80
-4.70
-4.70
-4.70
-4.70
-4.70
-4.70
-4.70
-4.70
-4.70
-4.70
-5.20
-5.20
-5.20
-5.20
-6.00
-5.60
-6.00
-5.90
-5.70
-5.20
-8.00
-5.20
-5.10
-5.10
-5.10
-5.10
-4.70
-4.70
-4.70
-4.70
-4.70
-4.80
-4.70
-4.70
-4.70
-4.70
-4.70
-5.10
-5.40
-7.40
-5.50
-5.90
-4.70
-4.70
-4.70
-4.70
-4.70
-6.40
-4.70
-4.70
-4.70
-4.70
-5.70
-4.70
-4.70
-4.70
-4.70
-4.70
-4.70
-4.70
-4.70
-4.70
-4.70
-4.80
-4.70
-4.70
-4.70
-4.70
-4.70
-4.70
-4.70
-4.70
-4.70
-4.70
-5.30
-5.30
-5.30
-5.30
-8.50
-8.10
-8.50
-8.40
-5.80
-5.30
-8.10
-5.30
-6.10
-5.90
-6.10
-5.90
-4.70
-4.70
-4.70
-4.70
-4.70
-4.80
-4.70
-4.70
-5.50
-5.50
-6.00
-6.50
-4.70
-4.70
-4.70
-4.70
-4.70
-4.70
-4.70
-4.70
-5.60
-6.40
-5.60
-5.50
-4.70
-4.70
-6.10
-4.70
-4.70
-4.70
-4.70
-4.70
-4.40
-4.40
-4.40
-4.40
-4.40
-4.80
-4.40
-4.40
-4.40
-4.40
-4.40
-4.40
-4.40
-5.50
-4.40
-4.40
-6.00
-6.00
-6.00
-6.00
-6.00
-5.60
-6.00
-5.90
-6.50
-6.00
-8.80
-6.00
-5.90
-5.90
-5.90
-5.90
-4.40
-4.40
-4.40
-4.40
-4.40
-4.80
-4.40
-4.40
-4.80
-4.80
-5.30
-5.80
-4.40
-5.50
-4.40
-4.40
-4.40
-4.40
-4.40
-4.40
-4.40
-6.40
-4.40
-4.70
-4.70
-4.40
-5.70
-4.40
-4.40
-4.40
-4.40
-4.40
-7.60
-7.60
-7.60
-7.60
-7.60
-7.60
-7.60
-7.60
-7.60
-7.60
-7.60
-7.60
-7.60
-7.60
-7.60
-7.60
-7.80
-7.80
-7.80
-7.80
-7.40
-7.40
-7.40
-7.40
-8.30
-7.80
-10.60
-7.80
-7.70
-7.70
-7.70
-7.70
-8.10
-8.10
-8.10
-8.10
-7.60
-7.60
-7.60
-7.60
-11.00
-11.00
-11.50
-12.00
-7.60
-7.60
-7.60
-7.60
-7.50
-7.50
-7.50
-7.50
-7.50
-7.50
-7.50
-7.50
-7.50
-7.50
-8.40
-7.50
-7.50
-7.50
-7.50
-7.50
-4.40
-4.40
-4.40
-5.00
-4.40
-4.80
-4.40
-4.40
-4.40
-4.40
-4.40
-5.00
-4.40
-5.20
-4.40
-4.40
-5.70
-5.70
-5.70
-5.70
-6.00
-5.60
-6.00
-5.90
-6.20
-5.70
-8.50
-5.70
-5.60
-5.60
-5.60
-5.60
-5.80
-5.80
-5.80
-5.80
-5.80
-5.80
-5.80
-6.30
-6.70
-6.70
-7.20
-7.70
-7.50
-9.50
-7.60
-8.00
-4.40
-4.40
-4.40
-4.40
-4.40
-6.40
-4.40
-4.70
-4.70
-4.40
-6.20
-4.40
-4.40
-4.40
-4.40
-4.40
-5.20
-5.20
-5.20
-5.20
-5.20
-5.20
-5.20
-5.20
-5.20
-5.20
-5.20
-5.20
-5.20
-5.20
-5.20
-5.20
-5.30
-5.30
-5.30
-5.30
-8.50
-9.30
-8.50
-8.40
-5.80
-5.30
-8.10
-5.30
-6.10
-6.30
-6.10
-5.90
-9.50
-9.00
-9.30
-9.10
-6.90
-6.90
-6.90
-6.90
-9.00
-8.80
-9.30
-9.80
-7.10
-7.10
-7.10
-7.10
-5.00
-5.00
-5.00
-5.00
-5.60
-6.40
-5.60
-5.50
-5.00
-5.00
-6.10
-5.00
-5.00
-5.00
-5.00
-5.00
-4.80
-4.80
-4.80
-4.80
-4.80
-4.80
-4.80
-4.80
-4.80
-4.80
-5.40
-4.80
-4.80
-4.80
-4.80
-4.80
-6.60
-6.60
-6.60
-6.60
-7.10
-6.70
-7.10
-7.00
-7.10
-6.60
-9.40
-6.60
-6.50
-6.50
-6.50
-6.50
-4.80
-4.80
-4.80
-4.80
-4.80
-4.80
-4.80
-4.80
-5.60
-5.60
-6.10
-6.60
-4.80
-4.80
-4.80
-4.80
-4.80
-4.80
-4.80
-4.80
-4.80
-6.40
-4.80
-4.80
-4.80
-4.80
-6.30
-4.80
-4.80
-4.80
-4.80
-4.80
-4.80
-4.80
-4.80
-4.80
-4.80
-4.80
-4.80
-4.80
-4.80
-4.80
-5.40
-4.80
-4.80
-4.80
-4.80
-4.80
-7.80
-7.80
-7.80
-7.80
-7.40
-7.40
-7.40
-7.40
-8.30
-7.80
-10.60
-7.80
-7.70
-7.70
-7.70
-7.70
-4.80
-4.80
-4.80
-4.80
-4.80
-4.80
-4.80
-4.80
-7.20
-7.20
-7.70
-8.20
-4.80
-4.80
-4.80
-4.80
-5.40
-5.40
-5.40
-5.40
-5.20
-6.40
-5.20
-5.20
-6.10
-5.40
-8.40
-5.60
-5.20
-5.20
-5.20
-5.20
-4.80
-4.80
-4.80
-4.80
-4.80
-4.80
-4.80
-4.80
-4.80
-4.80
-5.40
-4.80
-4.80
-4.80
-4.80
-4.80
-5.00
-5.00
-5.00
-5.00
-7.10
-6.70
-7.10
-7.00
-5.50
-5.00
-7.80
-5.00
-4.90
-6.00
-4.90
-4.90
-4.80
-4.80
-4.80
-4.80
-4.80
-4.80
-4.80
-4.80
-5.20
-5.20
-5.70
-6.20
-5.40
-7.40
-5.50
-5.90
-4.80
-4.80
-4.80
-4.80
-8.00
-7.50
-7.90
-8.50
-4.80
-4.80
-5.50
-4.80
-5.90
-5.60
-5.40
-5.90
-4.80
-4.80
-4.80
-4.80
-4.80
-4.80
-4.80
-4.80
-4.80
-4.80
-5.40
-4.80
-4.80
-4.80
-4.80
-4.80
-5.30
-5.30
-5.30
-5.30
-8.50
-8.10
-8.50
-8.40
-5.80
-5.30
-8.10
-5.30
-6.10
-7.30
-6.10
-6.10
-5.70
-5.20
-5.50
-5.30
-4.80
-4.80
-4.80
-4.80
-5.50
-5.50
-6.00
-6.50
-4.80
-4.80
-4.80
-4.80
-4.80
-4.80
-4.80
-4.80
-5.60
-6.70
-5.60
-5.50
-4.80
-4.80
-6.10
-4.80
-4.80
-4.80
-4.80
-4.80
-5.70
-5.70
-5.70
-5.70
-5.70
-5.70
-5.70
-5.70
-5.70
-5.70
-6.90
-5.70
-5.70
-5.70
-5.70
-5.70
-6.00
-6.00
-6.00
-6.00
-8.50
-8.10
-8.50
-8.40
-6.50
-6.00
-8.80
-6.00
-6.10
-5.90
-6.10
-5.90
-5.70
-5.70
-5.70
-5.70
-5.70
-5.70
-5.70
-5.70
-5.70
-5.70
-6.20
-6.70
-5.70
-5.70
-5.70
-5.70
-5.70
-5.70
-5.70
-5.70
-5.70
-6.40
-5.70
-5.70
-5.70
-5.70
-6.50
-5.70
-5.70
-5.70
-5.70
-5.70
-8.90
-8.90
-8.90
-8.90
-8.90
-8.90
-8.90
-8.90
-8.90
-8.90
-8.90
-8.90
-8.90
-8.90
-8.90
-8.90
-12.30
-12.30
-12.30
-12.30
-11.90
-11.90
-11.90
-11.90
-12.80
-12.30
-15.10
-12.30
-12.20
-12.20
-12.20
-12.20
-9.10
-9.10
-9.10
-9.10
-9.10
-9.10
-9.10
-9.10
-9.10
-9.10
-10.80
-9.60
-9.10
-9.10
-9.10
-9.10
-9.90
-9.90
-9.90
-9.90
-9.70
-9.70
-9.70
-9.70
-10.60
-9.90
-12.90
-10.10
-9.70
-9.70
-9.70
-9.70
-5.80
-5.80
-5.80
-5.80
-5.80
-5.80
-5.80
-5.80
-5.80
-5.80
-6.20
-5.80
-5.80
-5.80
-5.80
-5.80
-8.00
-8.00
-8.00
-8.00
-8.50
-8.10
-8.50
-8.40
-8.50
-8.00
-10.80
-8.00
-7.90
-7.90
-7.90
-7.90
-5.80
-5.80
-5.80
-5.80
-5.80
-5.80
-5.80
-5.80
-5.80
-5.80
-6.20
-6.70
-6.00
-8.00
-6.10
-6.50
-6.10
-6.10
-6.10
-6.10
-5.90
-6.40
-5.90
-6.10
-6.80
-6.10
-9.10
-6.30
-5.90
-5.90
-5.90
-5.90
-7.00
-7.00
-7.00
-7.00
-7.00
-7.00
-7.00
-7.00
-7.00
-7.00
-7.10
-7.00
-7.00
-7.00
-7.00
-7.00
-9.40
-9.40
-9.40
-9.40
-9.00
-9.00
-9.00
-9.00
-9.90
-9.40
-12.20
-9.40
-9.30
-9.30
-9.30
-9.30
-6.90
-6.70
-6.70
-6.70
-6.70
-6.70
-6.70
-6.70
-7.40
-6.70
-9.70
-7.50
-6.70
-6.70
-6.70
-6.70
-7.20
-7.20
-7.20
-7.20
-7.00
-7.00
-7.00
-7.00
-7.90
-7.20
-10.20
-7.40
-7.00
-7.00
-7.00
-7.00
